1.9999 50036 11 1.9999 50057 8 1.9999 50035 10 1.9998 15513 8 1.9166 24 4 1.9999 34543 8
1.9999 50036 11 1.9999 50036 10 1.9999 50035 10 1.9999 38899 10 1.9864 148 3 1.9998 11136 7
1.9999 50036 11 1.9999 50047 8 1.9999 50035 10 1.9998 18260 8 1.9775 89 3 1.9999 31786 7
1.9999 50036 11 1.9999 50056 8 1.9999 50035 10 1.9998 16586 8 1.971 69 4 1.9999 33469 8
1.9999 50036 11 1.9999 50036 8 1.9999 50035 10 1.9998 18440 8 1.9917 242 3 1.9999 31595 8
1.9999 50054 9 1.9999 50057 8 1.9999 50053 8 1.9999 34543 8 1.8823 17 3 1.9998 15513 8
1.9999 50054 9 1.9999 50066 11 1.9999 50053 8 1.9999 20786 7 1.9607 51 4 1.9999 29279 11
1.9999 50054 9 1.9999 50074 10 1.9999 50053 8 1.9999 30300 6 1.9805 103 3 1.9998 19773 10
1.9999 50054 9 1.9999 50056 8 1.9999 50053 8 1.9999 23119 8 1.9883 171 3 1.9999 26936 8
1.9999 50054 9 1.9999 50062 8 1.9999 50053 8 1.9999 35697 8 1.9622 53 3 1.9998 14364 8
1.9999 50066 12 1.9999 50066 11 1.9999 50065 11 1.9999 29279 11 1.9 20 4 1.9999 20786 7
1.9999 50066 12 1.9999 50066 11 1.9999 50065 11 1.9999 48313 11 1.9886 176 3 1.9988 1752 7
1.9999 50066 12 1.9999 50069 11 1.9999 50065 11 1.9999 32417 11 1.9844 129 3 1.9998 17651 7
1.9999 50066 12 1.9999 50066 11 1.9999 50065 11 1.9999 28906 11 1.9565 46 4 1.9999 21159 7
1.9999 50066 12 1.9999 50066 11 1.9999 50065 11 1.9999 35904 11 1.989 182 3 1.9998 14161 7
1.9999 50021 9 1.9999 50036 10 1.9999 50020 8 1.9998 11136 7 1.8823 17 3 1.9999 38899 10
1.9999 50021 9 1.9999 50066 11 1.9999 50020 8 1.9988 1752 7 1.9777 90 4 1.9999 48313 11
1.9999 50021 9 1.9999 50074 10 1.9999 50020 8 1.9992 2593 6 1.9895 191 4 1.9999 47480 10
1.9999 50021 9 1.9999 50037 8 1.9999 50020 8 1.9996 6231 7 1.9895 192 4 1.9999 43805 8
1.9999 50021 9 1.9999 50041 8 1.9999 50020 8 1.9995 4568 7 1.9767 86 4 1.9999 45472 8
1.9999 50074 11 1.9999 50074 10 1.9999 50073 10 1.9998 19773 10 1.8571 14 4 1.9999 30300 6
1.9999 50074 11 1.9999 50074 10 1.9999 50073 10 1.9999 47480 10 1.9906 215 3 1.9992 2593 6
1.9999 50074 11 1.9999 50077 10 1.9999 50073 10 1.9999 22361 10 1.9906 214 4 1.9999 27715 7
1.9999 50074 11 1.9999 50074 10 1.9999 50073 10 1.9999 21724 10 1.9411 34 3 1.9999 28349 7
1.9999 50074 11 1.9999 50074 10 1.9999 50073 10 1.9999 27721 10 1.9869 153 3 1.9999 22352 7
1.9999 50044 9 1.9999 50047 8 1.9999 50043 8 1.9999 31786 7 1.875 16 3 1.9998 18260 8
1.9999 50044 9 1.9999 50069 11 1.9999 50043 8 1.9998 17651 7 1.974 77 4 1.9999 32417 11
1.9999 50044 9 1.9999 50077 10 1.9999 50043 8 1.9999 27715 7 1.9831 119 3 1.9999 22361 10
1.9999 50044 9 1.9999 50046 8 1.9999 50043 8 1.9999 28940 8 1.9908 219 4 1.9999 21105 7
1.9999 50044 9 1.9999 50054 8 1.9999 50043 8 1.9999 31801 7 1.9666 60 3 1.9998 18252 8
1.9999 50037 9 1.9999 50056 8 1.9999 50036 8 1.9999 26936 8 1.9622 53 4 1.9999 23119 8
1.9999 50037 9 1.9999 50037 8 1.9999 50036 8 1.9999 43805 8 1.9851 135 3 1.9996 6231 7
1.9999 50037 9 1.9999 50046 8 1.9999 50036 8 1.9999 21105 7 1.9926 271 4 1.9999 28940 8
1.9999 50037 9 1.9999 50056 8 1.9999 50036 8 1.9999 29155 7 1.9285 28 3 1.9999 20900 8
1.9999 50037 9 1.9999 50037 8 1.9999 50036 8 1.9999 37129 8 1.9929 285 4 1.9998 12907 7
1.9999 50053 9 1.9999 50056 8 1.9999 50052 8 1.9999 33469 8 1.8181 11 3 1.9998 16586 8
1.9999 50053 9 1.9999 50066 11 1.9999 50052 8 1.9999 21159 7 1.9649 57 4 1.9999 28906 11
1.9999 50053 9 1.9999 50074 10 1.9999 50052 8 1.9999 28349 7 1.9829 117 3 1.9999 21724 10
1.9999 50053 9 1.9999 50056 8 1.9999 50052 8 1.9999 20900 8 1.9813 107 3 1.9999 29155 7
1.9999 50053 9 1.9999 50061 8 1.9999 50052 8 1.9999 35174 8 1.9642 56 3 1.9998 14886 8
1.9999 50041 9 1.9999 50062 8 1.9999 50040 8 1.9998 14364 8 1.8461 13 4 1.9999 35697 8
1.9999 50041 9 1.9999 50041 8 1.9999 50040 8 1.9999 45472 8 1.9875 160 3 1.9995 4568 7
1.9999 50041 9 1.9999 50054 8 1.9999 50040 8 1.9998 18252 8 1.9846 130 3 1.9999 31801 7
1.9999 50041 9 1.9999 50061 8 1.9999 50040 8 1.9998 14886 8 1.9487 39 4 1.9999 35174 8
1.9999 50041 9 1.9999 50045 8 1.9999 50040 8 1.9999 20401 8 1.9856 139 3 1.9999 29643 7
1.9999 50033 9 1.9999 50036 8 1.9999 50032 8 1.9999 31595 8 1.8823 17 3 1.9998 18440 8
1.9999 50033 9 1.9999 50066 11 1.9999 50032 8 1.9998 14161 7 1.9642 56 4 1.9999 35904 11
1.9999 50033 9 1.9999 50074 10 1.9999 50032 8 1.9999 22352 7 1.9829 117 3 1.9999 27721 10
1.9999 50033 9 1.9999 50037 8 1.9999 50032 8 1.9998 12907 7 1.9895 192 3 1.9999 37129 8
1.9999 50033 9 1.9999 50045 8 1.9999 50032 8 1.9999 29643 7 1.9649 57 3 1.9999 20401 8
