1.9999 50036 11 1.9999 50071 9 1.9999 50035 10 1.9998 15519 8 1.8181 11 3 1.9999 34551 9
1.9999 50036 11 1.9999 50060 10 1.9999 50035 10 1.9999 32911 9 1.8181 11 2 1.9998 17148 10
1.9999 50036 11 1.9999 50038 10 1.9999 50035 10 1.9999 31190 10 1.5 4 2 1.9998 18847 8
1.9999 50036 11 1.9999 50044 9 1.9999 50035 10 1.9999 35531 9 1.0 2 2 1.9998 14512 9
1.9999 50036 11 1.9999 50065 13 1.9999 50035 10 1.9999 30633 8 1.5 4 2 1.9998 19431 13
1.9999 50054 9 1.9999 50054 8 1.9999 50053 8 1.9999 31492 8 1.8823 17 2 1.9998 18561 6
1.9999 50054 9 1.9999 50064 9 1.9999 50053 8 1.9999 35267 7 1.8333 12 3 1.9998 14796 9
1.9999 50054 9 1.9999 50056 8 1.9999 50053 8 1.9999 42047 8 1.6 5 2 1.9997 8008 7
1.9999 50054 9 1.9999 50056 8 1.9999 50053 8 1.9999 48003 8 1.5 4 2 1.999 2052 7
1.9999 50054 9 1.9999 50078 11 1.9999 50053 8 1.9999 47985 8 1.3333 3 2 1.999 2092 11
1.9999 50066 12 1.9999 50081 11 1.9999 50065 11 1.9999 29725 11 1.8666 15 3 1.9999 20355 6
1.9999 50066 12 1.9999 50067 9 1.9999 50065 11 1.9999 48729 9 1.8181 11 2 1.9985 1337 9
1.9999 50066 12 1.9999 50068 11 1.9999 50065 11 1.9999 46401 11 1.6666 6 2 1.9994 3666 6
1.9999 50066 12 1.9999 50067 11 1.9999 50065 11 1.9999 44210 11 1.0 2 2 1.9996 5856 7
1.9999 50066 12 1.9999 50067 11 1.9999 50065 11 1.9999 44506 11 1.3333 3 2 1.9996 5560 7
1.9999 50021 9 1.9999 50028 8 1.9999 50020 8 1.9997 7517 7 1.8333 12 2 1.9999 42510 8
1.9999 50021 9 1.9999 50064 11 1.9999 50020 8 1.9996 6058 7 1.7777 9 3 1.9999 44005 11
1.9999 50021 9 1.9999 50035 9 1.9999 50020 8 1.9998 12139 8 1.7142 7 3 1.9999 37895 9
1.9999 50021 9 1.9999 50023 8 1.9999 50020 8 1.9999 44883 8 1.5 4 2 1.9996 5139 8
1.9999 50021 9 1.9999 50065 11 1.9999 50020 8 1.9998 15441 7 1.6666 6 2 1.9999 34623 11
1.9999 50074 11 1.9999 50089 10 1.9999 50073 10 1.9999 25290 10 1.9 20 3 1.9999 24798 9
1.9999 50074 11 1.9999 50074 10 1.9999 50073 10 1.9999 48827 10 1.7777 9 2 1.9983 1246 6
1.9999 50074 11 1.9999 50076 10 1.9999 50073 10 1.9999 45833 10 1.7142 7 2 1.9995 4242 6
1.9999 50074 11 1.9999 50075 10 1.9999 50073 10 1.9999 40725 10 1.0 2 2 1.9997 9349 9
1.9999 50074 11 1.9999 50075 9 1.9999 50073 10 1.9999 44033 9 1.3333 3 2 1.9996 6041 8
1.9999 50044 9 1.9999 50044 8 1.9999 50043 8 1.9999 27282 8 1.8823 17 2 1.9999 22761 7
1.9999 50044 9 1.9999 50067 9 1.9999 50043 8 1.9999 29365 7 1.8461 13 3 1.9999 20701 9
1.9999 50044 9 1.9999 50046 8 1.9999 50043 8 1.9999 40145 8 1.6 5 2 1.9997 9900 7
1.9999 50044 9 1.9999 50046 8 1.9999 50043 8 1.9999 47819 8 1.5 4 2 1.9991 2226 7
1.9999 50044 9 1.9999 50065 11 1.9999 50043 8 1.9999 47835 7 1.5 4 2 1.9991 2229 11
1.9999 50037 9 1.9999 50071 9 1.9999 50036 8 1.9999 27194 7 1.8571 14 3 1.9999 22876 9
1.9999 50037 9 1.9999 50062 10 1.9999 50036 8 1.9999 40088 7 1.8333 12 2 1.9997 9973 10
1.9999 50037 9 1.9999 50039 8 1.9999 50036 8 1.9999 41018 7 1.3333 3 2 1.9997 9020 8
1.9999 50037 9 1.9999 50047 9 1.9999 50036 8 1.9999 42257 7 1.0 2 2 1.9997 7789 9
1.9999 50037 9 1.9999 50066 13 1.9999 50036 8 1.9999 37882 8 1.3333 3 2 1.9998 12183 13
1.9999 50053 9 1.9999 50053 8 1.9999 50052 8 1.9999 30838 8 1.8888 18 2 1.9998 19214 7
1.9999 50053 9 1.9999 50064 9 1.9999 50052 8 1.9999 32689 7 1.75 8 3 1.9998 17374 9
1.9999 50053 9 1.9999 50055 8 1.9999 50052 8 1.9999 42302 8 1.6 5 2 1.9997 7752 7
1.9999 50053 9 1.9999 50055 8 1.9999 50052 8 1.9999 48132 8 1.5 4 2 1.9989 1922 7
1.9999 50053 9 1.9999 50078 11 1.9999 50052 8 1.9999 47680 8 1.3333 3 2 1.9991 2397 11
1.9999 50041 9 1.9999 50073 8 1.9999 50040 8 1.9998 19278 8 1.8571 14 3 1.9999 30794 7
1.9999 50041 9 1.9999 50063 11 1.9999 50040 8 1.9999 41780 8 1.8333 12 2 1.9997 8282 11
1.9999 50041 9 1.9999 50043 8 1.9999 50040 8 1.9999 39590 8 1.75 8 2 1.9998 10452 6
1.9999 50041 9 1.9999 50044 8 1.9999 50040 8 1.9999 30703 8 1.0 2 2 1.9998 19340 7
1.9999 50041 9 1.9999 50066 13 1.9999 50040 8 1.9999 31329 8 1.3333 3 2 1.9998 18736 13
1.9999 50033 9 1.9999 50034 8 1.9999 50032 8 1.9999 27189 8 1.8888 18 3 1.9999 22844 7
1.9999 50033 9 1.9999 50064 9 1.9999 50032 8 1.9999 25052 7 1.8 10 3 1.9999 25011 9
1.9999 50033 9 1.9999 50035 8 1.9999 50032 8 1.9999 39136 8 1.6 5 2 1.9998 10898 7
1.9999 50033 9 1.9999 50035 8 1.9999 50032 8 1.9999 47744 8 1.5 4 2 1.9991 2290 7
1.9999 50033 9 1.9999 50065 11 1.9999 50032 8 1.9999 43869 7 1.5 4 2 1.9996 6195 11
