1.9999 50028 9 1.9999 50068 9 1.9999 50027 8 1.9999 27163 7 1.8461 13 3 1.9999 22904 9
1.9999 50028 9 1.9999 50060 11 1.9999 50027 8 1.9999 37079 8 1.7777 9 2 1.9998 12980 11
1.9999 50028 9 1.9999 50031 8 1.9999 50027 8 1.9999 39387 7 1.3333 3 2 1.9998 10643 8
1.9999 50028 9 1.9999 50041 9 1.9999 50027 8 1.9999 33462 7 1.0 2 2 1.9998 16578 9
1.9999 50028 9 1.9999 50065 13 1.9999 50027 8 1.9999 26756 7 1.6 5 2 1.9999 23308 13
1.9999 50068 10 1.9999 50068 9 1.9999 50067 9 1.9999 22904 9 1.8461 13 2 1.9999 27163 7
1.9999 50068 10 1.9999 50080 9 1.9999 50067 9 1.9999 33490 9 1.6 5 2 1.9998 16589 9
1.9999 50068 10 1.9999 50070 9 1.9999 50067 9 1.9999 39483 9 1.5 4 2 1.9998 10586 7
1.9999 50068 10 1.9999 50070 9 1.9999 50067 9 1.9999 47262 9 1.5 4 2 1.9992 2807 7
1.9999 50068 10 1.9999 50075 9 1.9999 50067 9 1.9999 46692 9 1.0 2 2 1.9994 3382 9
1.9999 50064 12 1.9999 50080 9 1.9999 50063 11 1.9998 16589 9 1.8571 14 3 1.9999 33490 9
1.9999 50064 12 1.9999 50065 11 1.9999 50063 11 1.9999 45930 9 1.8 10 2 1.9995 4134 11
1.9999 50064 12 1.9999 50066 11 1.9999 50063 11 1.9999 37137 11 1.6 5 2 1.9998 12928 7
1.9999 50064 12 1.9999 50065 11 1.9999 50063 11 1.9999 41004 11 1.0 2 2 1.9997 9060 9
1.9999 50064 12 1.9999 50065 9 1.9999 50063 11 1.9999 42369 9 1.3333 3 2 1.9997 7695 7
1.9999 50060 12 1.9999 50060 11 1.9999 50059 11 1.9998 12980 11 1.8181 11 2 1.9999 37079 8
1.9999 50060 12 1.9999 50065 11 1.9999 50059 11 1.9995 4134 11 1.8 10 3 1.9999 45930 9
1.9999 50060 12 1.9999 50060 10 1.9999 50059 11 1.9998 14250 10 1.6 5 2 1.9999 35809 8
1.9999 50060 12 1.9999 50060 11 1.9999 50059 11 1.9999 44717 11 1.6 5 2 1.9996 5342 8
1.9999 50060 12 1.9999 50083 10 1.9999 50059 11 1.9998 13473 10 1.6 5 3 1.9999 36609 8
1.9999 50035 10 1.9999 50070 9 1.9999 50034 9 1.9998 10586 7 1.8461 13 3 1.9999 39483 9
1.9999 50035 10 1.9999 50060 10 1.9999 50034 9 1.9999 35809 8 1.7777 9 2 1.9998 14250 10
1.9999 50035 10 1.9999 50037 9 1.9999 50034 9 1.9999 29394 9 1.6666 6 2 1.9999 20642 8
1.9999 50035 10 1.9999 50044 9 1.9999 50034 9 1.9999 29343 8 1.0 2 2 1.9999 20700 9
1.9999 50035 10 1.9999 50065 13 1.9999 50034 9 1.9999 28806 8 1.5 4 2 1.9999 21258 13
1.9999 50024 9 1.9999 50031 8 1.9999 50023 8 1.9998 10643 8 1.8 10 2 1.9999 39387 7
1.9999 50024 9 1.9999 50066 11 1.9999 50023 8 1.9998 12928 7 1.6 5 2 1.9999 37137 11
1.9999 50024 9 1.9999 50037 9 1.9999 50023 8 1.9999 20642 8 1.6 5 2 1.9999 29394 9
1.9999 50024 9 1.9999 50026 8 1.9999 50023 8 1.9999 46341 8 1.5 4 2 1.9994 3684 7
1.9999 50024 9 1.9999 50067 11 1.9999 50023 8 1.9999 25172 8 1.5 4 2 1.9999 24894 11
1.9999 50023 10 1.9999 50070 9 1.9999 50022 9 1.9992 2807 7 1.8333 12 3 1.9999 47262 9
1.9999 50023 10 1.9999 50060 11 1.9999 50022 9 1.9996 5342 8 1.7777 9 2 1.9999 44717 11
1.9999 50023 10 1.9999 50026 8 1.9999 50022 9 1.9994 3684 7 1.3333 3 2 1.9999 46341 8
1.9999 50023 10 1.9999 50041 9 1.9999 50022 9 1.9995 4445 8 1.0 2 2 1.9999 45595 9
1.9999 50023 10 1.9999 50065 13 1.9999 50022 9 1.9993 3322 8 1.6666 6 2 1.9999 46742 13
1.9999 50041 10 1.9999 50041 9 1.9999 50040 9 1.9998 16578 9 1.8461 13 2 1.9999 33462 7
1.9999 50041 10 1.9999 50065 11 1.9999 50040 9 1.9997 9060 9 1.75 8 3 1.9999 41004 11
1.9999 50041 10 1.9999 50044 9 1.9999 50040 9 1.9999 20700 9 1.7777 9 3 1.9999 29343 8
1.9999 50041 10 1.9999 50041 9 1.9999 50040 9 1.9999 45595 9 1.6666 6 2 1.9995 4445 8
1.9999 50041 10 1.9999 50073 9 1.9999 50040 9 1.9999 27252 9 1.5 4 2 1.9999 22820 9
1.9999 50065 12 1.9999 50075 9 1.9999 50064 11 1.9994 3382 9 1.8666 15 3 1.9999 46692 9
1.9999 50065 12 1.9999 50083 10 1.9999 50064 11 1.9999 36609 8 1.8181 11 2 1.9998 13473 10
1.9999 50065 12 1.9999 50067 11 1.9999 50064 11 1.9999 24894 11 1.5 4 2 1.9999 25172 8
1.9999 50065 12 1.9999 50073 9 1.9999 50064 11 1.9999 22820 9 1.0 2 2 1.9999 27252 9
1.9999 50065 12 1.9999 50085 13 1.9999 50064 11 1.9999 25772 11 1.3333 3 2 1.9999 24312 13
1.9999 50065 14 1.9999 50065 13 1.9999 50064 13 1.9999 23308 13 1.8666 15 2 1.9999 26756 7
1.9999 50065 14 1.9999 50065 9 1.9999 50064 13 1.9997 7695 7 1.6 5 2 1.9999 42369 9
1.9999 50065 14 1.9999 50065 13 1.9999 50064 13 1.9999 21258 13 1.7777 9 3 1.9999 28806 8
1.9999 50065 14 1.9999 50065 13 1.9999 50064 13 1.9999 46742 13 1.6666 6 2 1.9993 3322 8
1.9999 50065 14 1.9999 50085 13 1.9999 50064 13 1.9999 24312 13 1.5 4 2 1.9999 25772 11
