1.9999 50028 9 1.9999 50032 8 1.9999 50027 8 1.9999 42529 7 0 0 1 1.9997 7502 8
1.9999 50028 9 1.9999 50054 8 1.9999 50027 8 1.9999 35816 8 0 0 1 1.9998 14237 8
1.9999 50028 9 1.9999 50030 8 1.9999 50027 8 1.9999 32274 7 0 0 1 1.9998 17755 8
1.9999 50028 9 1.9999 50064 12 1.9999 50027 8 1.9999 36281 8 0 0 1 1.9998 13782 12
1.9999 50028 9 1.9999 50068 11 1.9999 50027 8 1.9999 33083 7 0 0 1 1.9998 16984 11
1.9999 50068 10 1.9999 50089 11 1.9999 50067 9 1.9999 29364 9 0 0 1 1.9999 20724 11
1.9999 50068 10 1.9999 50078 11 1.9999 50067 9 1.9999 43277 9 0 0 1 1.9997 6800 11
1.9999 50068 10 1.9999 50081 9 1.9999 50067 9 1.9999 29692 7 0 0 1 1.9999 20388 9
1.9999 50068 10 1.9999 50083 11 1.9999 50067 9 1.9999 45894 9 0 0 1 1.9995 4188 11
1.9999 50068 10 1.9999 50083 10 1.9999 50067 9 1.9999 40648 9 0 0 1 1.9997 9434 10
1.9999 50064 12 1.9999 50066 11 1.9999 50063 11 1.9999 39944 11 0 0 1 1.9998 10121 8
1.9999 50064 12 1.9999 50064 9 1.9999 50063 11 1.9999 39232 9 0 0 1 1.9998 10831 7
1.9999 50064 12 1.9999 50064 11 1.9999 50063 11 1.9999 28232 11 0 0 1 1.9999 21831 7
1.9999 50064 12 1.9999 50064 10 1.9999 50063 11 1.9999 45353 9 0 0 1 1.9995 4710 10
1.9999 50064 12 1.9999 50068 10 1.9999 50063 11 1.9999 40793 9 0 0 1 1.9997 9274 10
1.9999 50060 12 1.9999 50081 10 1.9999 50059 11 1.9997 6867 10 0 0 1 1.9999 43213 10
1.9999 50060 12 1.9999 50060 10 1.9999 50059 11 1.9998 16269 10 0 0 1 1.9999 33790 9
1.9999 50060 12 1.9999 50064 9 1.9999 50059 11 1.9992 2814 7 0 0 1 1.9999 47249 9
1.9999 50060 12 1.9999 50068 11 1.9999 50059 11 1.9999 28198 10 0 0 1 1.9999 21869 11
1.9999 50060 12 1.9999 50068 10 1.9999 50059 11 1.9998 10731 10 0 0 1 1.9999 39336 9
1.9999 50035 10 1.9999 50038 9 1.9999 50034 9 1.9999 34334 9 0 0 1 1.9998 15703 8
1.9999 50035 10 1.9999 50056 9 1.9999 50034 9 1.9999 30344 9 0 0 1 1.9998 19711 9
1.9999 50035 10 1.9999 50036 9 1.9999 50034 9 1.9998 19739 9 0 0 1 1.9999 30296 8
1.9999 50035 10 1.9999 50064 12 1.9999 50034 9 1.9999 35955 8 0 0 1 1.9998 14108 12
1.9999 50035 10 1.9999 50068 11 1.9999 50034 9 1.9999 24296 7 0 0 1 1.9999 25771 11
1.9999 50024 9 1.9999 50082 11 1.9999 50023 8 1.9998 11697 7 0 0 1 1.9999 38384 11
1.9999 50024 9 1.9999 50061 12 1.9999 50023 8 1.9998 16881 7 0 0 1 1.9999 33179 12
1.9999 50024 9 1.9999 50065 9 1.9999 50023 8 1.9997 9081 7 0 0 1 1.9999 40983 9
1.9999 50024 9 1.9999 50069 11 1.9999 50023 8 1.9999 23222 8 0 0 1 1.9999 26846 11
1.9999 50024 9 1.9999 50069 10 1.9999 50023 8 1.9998 18990 7 0 0 1 1.9999 31078 10
1.9999 50023 10 1.9999 50027 8 1.9999 50022 9 1.9996 5216 8 0 0 1 1.9999 44810 8
1.9999 50023 10 1.9999 50056 9 1.9999 50022 9 1.9995 4947 8 0 0 1 1.9999 45108 9
1.9999 50023 10 1.9999 50025 8 1.9999 50022 9 1.9991 2416 7 0 0 1 1.9999 47608 8
1.9999 50023 10 1.9999 50064 12 1.9999 50022 9 1.9996 5572 8 0 0 1 1.9999 44491 12
1.9999 50023 10 1.9999 50068 11 1.9999 50022 9 1.9994 3529 8 0 0 1 1.9999 46538 11
1.9999 50041 10 1.9999 50081 11 1.9999 50040 9 1.9998 12772 9 0 0 1 1.9999 37308 11
1.9999 50041 10 1.9999 50060 11 1.9999 50040 9 1.9999 21385 9 0 0 1 1.9999 28674 11
1.9999 50041 10 1.9999 50064 9 1.9999 50040 9 1.9997 7857 7 0 0 1 1.9999 42206 9
1.9999 50041 10 1.9999 50068 11 1.9999 50040 9 1.9999 40623 9 0 0 1 1.9997 9444 11
1.9999 50041 10 1.9999 50068 10 1.9999 50040 9 1.9999 29644 9 0 0 1 1.9999 20423 10
1.9999 50065 12 1.9999 50067 9 1.9999 50064 11 1.9999 27351 9 0 0 1 1.9999 22715 8
1.9999 50065 12 1.9999 50078 11 1.9999 50064 11 1.9999 25838 11 0 0 1 1.9999 24239 8
1.9999 50065 12 1.9999 50065 11 1.9999 50064 11 1.9998 16288 11 0 0 1 1.9999 33776 7
1.9999 50065 12 1.9999 50084 12 1.9999 50064 11 1.9999 36716 11 0 0 1 1.9998 13367 12
1.9999 50065 12 1.9999 50087 11 1.9999 50064 11 1.9998 18848 9 0 0 1 1.9999 31238 11
1.9999 50065 14 1.9999 50080 11 1.9999 50064 13 1.9998 14534 8 0 0 1 1.9999 35545 11
1.9999 50065 14 1.9999 50065 12 1.9999 50064 13 1.9998 18012 12 0 0 1 1.9999 32052 11
1.9999 50065 14 1.9999 50067 9 1.9999 50064 13 1.9997 7883 8 0 0 1 1.9999 42183 9
1.9999 50065 14 1.9999 50068 11 1.9999 50064 13 1.9999 37953 8 0 0 1 1.9998 12114 11
1.9999 50065 14 1.9999 50067 10 1.9999 50064 13 1.9999 25018 8 0 0 1 1.9999 25048 10
