1.9999 50080 12 1.9999 50080 11 1.9999 50079 11 1.9998 14963 11 1.9285 28 4 1.9999 35116 8
1.9999 50080 12 1.9999 50080 11 1.9999 50079 11 1.9999 46112 11 1.9591 49 3 1.9994 3967 7
1.9999 50080 12 1.9999 50080 11 1.9999 50079 11 1.9999 25212 11 1.9824 114 5 1.9999 24867 7
1.9999 50080 12 1.9999 50080 11 1.9999 50079 11 1.9998 18990 11 1.9927 274 5 1.9999 31089 8
1.9999 50080 12 1.9999 50080 11 1.9999 50079 11 1.9999 27643 11 1.9904 209 3 1.9999 22436 7
1.9999 50025 9 1.9999 50039 10 1.9999 50024 8 1.9998 13571 8 1.8823 17 3 1.9999 36467 10
1.9999 50025 9 1.9999 50068 11 1.9999 50024 8 1.9994 3766 6 1.9841 126 4 1.9999 46301 11
1.9999 50025 9 1.9999 50076 10 1.9999 50024 8 1.9996 5275 8 1.9827 116 3 1.9999 44800 10
1.9999 50025 9 1.9999 50040 8 1.9999 50024 8 1.9997 6688 8 1.9837 123 3 1.9999 43351 7
1.9999 50025 9 1.9999 50043 8 1.9999 50024 8 1.9997 7621 7 1.9885 174 4 1.9999 42421 8
1.9999 50059 13 1.9999 50059 12 1.9999 50058 12 1.9998 13180 12 1.875 16 4 1.9999 36878 8
1.9999 50059 13 1.9999 50059 12 1.9999 50058 12 1.9999 42849 12 1.9782 92 3 1.9997 7209 7
1.9999 50059 13 1.9999 50062 12 1.9999 50058 12 1.9998 17273 12 1.9945 366 5 1.9999 32788 8
1.9999 50059 13 1.9999 50059 12 1.9999 50058 12 1.9998 12665 12 1.9487 39 4 1.9999 37393 8
1.9999 50059 13 1.9999 50059 12 1.9999 50058 12 1.9999 21572 12 1.9915 236 4 1.9999 28486 8
1.9999 50054 10 1.9999 50057 9 1.9999 50053 9 1.9998 17523 9 1.8823 17 3 1.9999 32533 8
1.9999 50054 10 1.9999 50066 11 1.9999 50053 9 1.9973 769 5 1.9622 53 4 1.9999 49296 11
1.9999 50054 10 1.9999 50074 10 1.9999 50053 9 1.9995 4786 7 1.9848 132 4 1.9999 45287 10
1.9999 50054 10 1.9999 50056 8 1.9999 50053 9 1.9997 7573 8 1.9375 32 3 1.9999 42482 8
1.9999 50054 10 1.9999 50062 8 1.9999 50053 9 1.9998 13894 8 1.9629 54 3 1.9999 36167 8
1.9999 50063 10 1.9999 50063 9 1.9999 50062 9 1.9998 16904 9 1.8461 13 4 1.9999 33158 8
1.9999 50063 10 1.9999 50063 9 1.9999 50062 9 1.9999 45188 9 1.9811 106 3 1.9995 4874 7
1.9999 50063 10 1.9999 50066 9 1.9999 50062 9 1.9999 25429 9 1.9803 102 3 1.9999 24636 7
1.9999 50063 10 1.9999 50063 9 1.9999 50062 9 1.9999 21696 9 1.9696 66 4 1.9999 28366 8
1.9999 50063 10 1.9999 50063 9 1.9999 50062 9 1.9999 29086 9 1.9917 242 4 1.9999 20976 7
1.9999 50023 9 1.9999 50037 10 1.9999 50022 8 1.9999 27091 8 1.875 16 3 1.9999 22945 10
1.9999 50023 9 1.9999 50066 11 1.9999 50022 8 1.9997 8732 7 1.9746 79 4 1.9999 41333 11
1.9999 50023 9 1.9999 50074 10 1.9999 50022 8 1.9998 11021 6 1.9838 124 3 1.9999 39052 10
1.9999 50023 9 1.9999 50037 8 1.9999 50022 8 1.9998 15845 8 1.9375 32 3 1.9999 34191 7
1.9999 50023 9 1.9999 50041 8 1.9999 50022 8 1.9998 19968 7 1.9677 62 4 1.9999 30072 8
1.9999 50067 12 1.9999 50067 11 1.9999 50066 11 1.9995 4770 11 1.9047 21 4 1.9999 45296 8
1.9999 50067 12 1.9999 50067 11 1.9999 50066 11 1.9999 38755 11 1.9819 111 3 1.9998 11311 7
1.9999 50067 12 1.9999 50070 11 1.9999 50066 11 1.9997 8159 11 1.9847 131 3 1.9999 41910 8
1.9999 50067 12 1.9999 50067 11 1.9999 50066 11 1.9995 4667 11 1.9393 33 3 1.9999 45399 8
1.9999 50067 12 1.9999 50067 11 1.9999 50066 11 1.9998 10883 11 1.9883 172 3 1.9999 39183 8
1.9999 50064 13 1.9999 50064 12 1.9999 50063 12 1.9998 17837 12 1.875 16 3 1.9999 32226 8
1.9999 50064 13 1.9999 50066 11 1.9999 50063 12 1.9993 3100 7 1.9545 44 3 1.9999 46965 11
1.9999 50064 13 1.9999 50074 10 1.9999 50063 12 1.9993 3259 10 1.9797 99 3 1.9999 46814 9
1.9999 50064 13 1.9999 50066 12 1.9999 50063 12 1.9998 10286 12 1.9729 74 3 1.9999 39779 7
1.9999 50064 13 1.9999 50065 12 1.9999 50063 12 1.9997 9085 12 1.9555 45 3 1.9999 40979 8
1.9999 50067 11 1.9999 50067 10 1.9999 50066 10 1.9997 7677 10 1.9705 68 4 1.9999 42389 7
1.9999 50067 11 1.9999 50067 10 1.9999 50066 10 1.9999 41854 10 1.9894 190 3 1.9997 8212 7
1.9999 50067 11 1.9999 50069 10 1.9999 50066 10 1.9998 10841 10 1.9827 116 3 1.9999 39227 7
1.9999 50067 11 1.9999 50067 10 1.9999 50066 10 1.9997 6873 10 1.9996 5350 6 1.9999 43193 7
1.9999 50067 11 1.9999 50067 10 1.9999 50066 10 1.9998 14654 10 1.9908 218 3 1.9999 35412 7
1.9999 50068 12 1.9999 50068 11 1.9999 50067 11 1.9999 23016 11 1.875 16 3 1.9999 27051 7
1.9999 50068 12 1.9999 50068 11 1.9999 50067 11 1.9996 5445 8 1.9411 34 3 1.9999 44622 11
1.9999 50068 12 1.9999 50074 10 1.9999 50067 11 1.9996 6481 7 1.9805 103 3 1.9999 43592 10
1.9999 50068 12 1.9999 50070 11 1.9999 50067 11 1.9998 14487 11 1.9854 137 3 1.9999 35582 7
1.9999 50068 12 1.9999 50069 11 1.9999 50067 11 1.9999 21156 11 1.9615 52 3 1.9999 28912 8
