1.9999 50080 12 1.9999 50089 11 1.9999 50079 11 1.9999 20724 11 1.9 20 3 1.9999 29364 9
1.9999 50080 12 1.9999 50081 10 1.9999 50079 11 1.9999 43213 10 1.8571 14 2 1.9997 6867 10
1.9999 50080 12 1.9999 50082 11 1.9999 50079 11 1.9999 38384 11 1.7142 7 2 1.9998 11697 7
1.9999 50080 12 1.9999 50081 11 1.9999 50079 11 1.9999 37308 11 1.0 2 2 1.9998 12772 9
1.9999 50080 12 1.9999 50080 11 1.9999 50079 11 1.9999 35545 11 1.3333 3 2 1.9998 14534 8
1.9999 50025 9 1.9999 50032 8 1.9999 50024 8 1.9997 7502 8 1.8461 13 2 1.9999 42529 7
1.9999 50025 9 1.9999 50066 11 1.9999 50024 8 1.9998 10121 8 1.8 10 3 1.9999 39944 11
1.9999 50025 9 1.9999 50038 9 1.9999 50024 8 1.9998 15703 8 1.5 4 2 1.9999 34334 9
1.9999 50025 9 1.9999 50027 8 1.9999 50024 8 1.9999 44810 8 1.5 4 2 1.9996 5216 8
1.9999 50025 9 1.9999 50067 9 1.9999 50024 8 1.9999 22715 8 1.5 4 2 1.9999 27351 9
1.9999 50059 13 1.9999 50078 11 1.9999 50058 12 1.9997 6800 11 1.913 23 3 1.9999 43277 9
1.9999 50059 13 1.9999 50060 10 1.9999 50058 12 1.9999 33790 9 1.75 8 2 1.9998 16269 10
1.9999 50059 13 1.9999 50061 12 1.9999 50058 12 1.9999 33179 12 1.6666 6 2 1.9998 16881 7
1.9999 50059 13 1.9999 50060 11 1.9999 50058 12 1.9999 28674 11 1.0 2 2 1.9999 21385 9
1.9999 50059 13 1.9999 50065 12 1.9999 50058 12 1.9999 32052 11 1.3333 3 2 1.9998 18012 12
1.9999 50054 10 1.9999 50054 8 1.9999 50053 9 1.9998 14237 8 1.8823 17 2 1.9999 35816 8
1.9999 50054 10 1.9999 50064 9 1.9999 50053 9 1.9998 10831 7 1.8333 12 3 1.9999 39232 9
1.9999 50054 10 1.9999 50056 9 1.9999 50053 9 1.9998 19711 9 1.6 5 2 1.9999 30344 9
1.9999 50054 10 1.9999 50056 9 1.9999 50053 9 1.9999 45108 9 1.5 4 2 1.9995 4947 8
1.9999 50054 10 1.9999 50078 11 1.9999 50053 9 1.9999 24239 8 1.5 4 3 1.9999 25838 11
1.9999 50063 10 1.9999 50081 9 1.9999 50062 9 1.9999 20388 9 1.8333 12 3 1.9999 29692 7
1.9999 50063 10 1.9999 50064 9 1.9999 50062 9 1.9999 47249 9 1.7142 7 2 1.9992 2814 7
1.9999 50063 10 1.9999 50065 9 1.9999 50062 9 1.9999 40983 9 1.6 5 2 1.9997 9081 7
1.9999 50063 10 1.9999 50064 9 1.9999 50062 9 1.9999 42206 9 1.0 2 2 1.9997 7857 7
1.9999 50063 10 1.9999 50067 9 1.9999 50062 9 1.9999 42183 9 1.3333 3 2 1.9997 7883 8
1.9999 50023 9 1.9999 50030 8 1.9999 50022 8 1.9998 17755 8 1.9 20 3 1.9999 32274 7
1.9999 50023 9 1.9999 50064 11 1.9999 50022 8 1.9999 21831 7 1.8333 12 3 1.9999 28232 11
1.9999 50023 9 1.9999 50036 9 1.9999 50022 8 1.9999 30296 8 1.6 5 2 1.9998 19739 9
1.9999 50023 9 1.9999 50025 8 1.9999 50022 8 1.9999 47608 8 1.5 4 2 1.9991 2416 7
1.9999 50023 9 1.9999 50065 11 1.9999 50022 8 1.9999 33776 7 1.6 5 2 1.9998 16288 11
1.9999 50067 12 1.9999 50083 11 1.9999 50066 11 1.9995 4188 11 1.875 16 3 1.9999 45894 9
1.9999 50067 12 1.9999 50068 11 1.9999 50066 11 1.9999 21869 11 1.75 8 2 1.9999 28198 10
1.9999 50067 12 1.9999 50069 11 1.9999 50066 11 1.9999 26846 11 1.7142 7 2 1.9999 23222 8
1.9999 50067 12 1.9999 50068 11 1.9999 50066 11 1.9997 9444 11 1.0 2 2 1.9999 40623 9
1.9999 50067 12 1.9999 50068 11 1.9999 50066 11 1.9998 12114 11 1.3333 3 2 1.9999 37953 8
1.9999 50064 13 1.9999 50064 12 1.9999 50063 12 1.9998 13782 12 1.8888 18 2 1.9999 36281 8
1.9999 50064 13 1.9999 50064 10 1.9999 50063 12 1.9995 4710 10 1.7777 9 3 1.9999 45353 9
1.9999 50064 13 1.9999 50064 12 1.9999 50063 12 1.9998 14108 12 1.6 5 2 1.9999 35955 8
1.9999 50064 13 1.9999 50064 12 1.9999 50063 12 1.9999 44491 12 1.5 4 2 1.9996 5572 8
1.9999 50064 13 1.9999 50084 12 1.9999 50063 12 1.9998 13367 12 1.0 2 2 1.9999 36716 11
1.9999 50067 11 1.9999 50083 10 1.9999 50066 10 1.9997 9434 10 1.8 10 3 1.9999 40648 9
1.9999 50067 11 1.9999 50068 10 1.9999 50066 10 1.9999 39336 9 1.8 10 2 1.9998 10731 10
1.9999 50067 11 1.9999 50069 10 1.9999 50066 10 1.9999 31078 10 1.6666 6 2 1.9998 18990 7
1.9999 50067 11 1.9999 50068 10 1.9999 50066 10 1.9999 20423 10 1.0 2 2 1.9999 29644 9
1.9999 50067 11 1.9999 50067 10 1.9999 50066 10 1.9999 25048 10 1.3333 3 2 1.9999 25018 8
1.9999 50068 12 1.9999 50068 11 1.9999 50067 11 1.9998 16984 11 1.8571 14 2 1.9999 33083 7
1.9999 50068 12 1.9999 50068 10 1.9999 50067 11 1.9997 9274 10 1.7777 9 3 1.9999 40793 9
1.9999 50068 12 1.9999 50068 11 1.9999 50067 11 1.9999 25771 11 1.6 5 2 1.9999 24296 7
1.9999 50068 12 1.9999 50068 11 1.9999 50067 11 1.9999 46538 11 1.5 4 2 1.9994 3529 8
1.9999 50068 12 1.9999 50087 11 1.9999 50067 11 1.9999 31238 11 1.0 2 2 1.9998 18848 9
