1.9999 50080 12 1.9999 50082 11 1.9999 50079 11 1.9999 38670 11 0 0 1 1.9998 11411 8
1.9999 50080 12 1.9999 50080 11 1.9999 50079 11 1.9999 39468 11 0 0 1 1.9998 10611 8
1.9999 50080 12 1.9999 50080 11 1.9999 50079 11 1.9999 34541 11 0 0 1 1.9998 15538 8
1.9999 50080 12 1.9999 50080 11 1.9999 50079 11 1.9999 42111 11 0 0 1 1.9997 7968 9
1.9999 50080 12 1.9999 50081 11 1.9999 50079 11 1.9999 33410 10 0 0 1 1.9998 16670 11
1.9999 50025 9 1.9999 50082 11 1.9999 50024 8 1.9998 11411 8 0 0 1 1.9999 38670 11
1.9999 50025 9 1.9999 50061 11 1.9999 50024 8 1.9998 15525 8 0 0 1 1.9999 34535 11
1.9999 50025 9 1.9999 50065 9 1.9999 50024 8 1.9997 7647 8 0 0 1 1.9999 42417 9
1.9999 50025 9 1.9999 50069 11 1.9999 50024 8 1.9999 22231 8 0 0 1 1.9999 27837 11
1.9999 50025 9 1.9999 50069 10 1.9999 50024 8 1.9998 18479 8 0 0 1 1.9999 31589 10
1.9999 50059 13 1.9999 50061 11 1.9999 50058 12 1.9999 34535 11 0 0 1 1.9998 15525 8
1.9999 50059 13 1.9999 50059 12 1.9999 50058 12 1.9999 25845 12 0 0 1 1.9999 24213 8
1.9999 50059 13 1.9999 50059 12 1.9999 50058 12 1.9999 25200 12 0 0 1 1.9999 24858 8
1.9999 50059 13 1.9999 50064 11 1.9999 50058 12 1.9999 32553 11 0 0 1 1.9998 17510 11
1.9999 50059 13 1.9999 50068 11 1.9999 50058 12 1.9999 23368 11 0 0 1 1.9999 26699 10
1.9999 50054 10 1.9999 50080 11 1.9999 50053 9 1.9998 10611 8 0 0 1 1.9999 39468 11
1.9999 50054 10 1.9999 50059 12 1.9999 50053 9 1.9999 24213 8 0 0 1 1.9999 25845 12
1.9999 50054 10 1.9999 50063 9 1.9999 50053 9 1.9997 8297 8 0 0 1 1.9999 41765 9
1.9999 50054 10 1.9999 50067 11 1.9999 50053 9 1.9999 39635 8 0 0 1 1.9998 10431 11
1.9999 50054 10 1.9999 50067 10 1.9999 50053 9 1.9999 25913 8 0 0 1 1.9999 24153 10
1.9999 50063 10 1.9999 50065 9 1.9999 50062 9 1.9999 42417 9 0 0 1 1.9997 7647 8
1.9999 50063 10 1.9999 50063 9 1.9999 50062 9 1.9999 41765 9 0 0 1 1.9997 8297 8
1.9999 50063 10 1.9999 50063 9 1.9999 50062 9 1.9999 34231 9 0 0 1 1.9998 15831 6
1.9999 50063 10 1.9999 50067 10 1.9999 50062 9 1.9999 44392 9 0 0 1 1.9996 5674 10
1.9999 50063 10 1.9999 50069 10 1.9999 50062 9 1.9999 37985 9 0 0 1 1.9998 12083 10
1.9999 50023 9 1.9999 50080 11 1.9999 50022 8 1.9998 15538 8 0 0 1 1.9999 34541 11
1.9999 50023 9 1.9999 50059 12 1.9999 50022 8 1.9999 24858 8 0 0 1 1.9999 25200 12
1.9999 50023 9 1.9999 50063 9 1.9999 50022 8 1.9998 15831 6 0 0 1 1.9999 34231 9
1.9999 50023 9 1.9999 50067 11 1.9999 50022 8 1.9999 29781 8 0 0 1 1.9999 20285 11
1.9999 50023 9 1.9999 50067 10 1.9999 50022 8 1.9999 26286 7 0 0 1 1.9999 23780 10
1.9999 50067 12 1.9999 50069 11 1.9999 50066 11 1.9999 27837 11 0 0 1 1.9999 22231 8
1.9999 50067 12 1.9999 50067 11 1.9999 50066 11 1.9998 10431 11 0 0 1 1.9999 39635 8
1.9999 50067 12 1.9999 50067 11 1.9999 50066 11 1.9999 20285 11 0 0 1 1.9999 29781 8
1.9999 50067 12 1.9999 50067 11 1.9999 50066 11 1.9998 10915 11 0 0 1 1.9999 39151 11
1.9999 50067 12 1.9999 50069 10 1.9999 50066 11 1.9995 4880 10 0 0 1 1.9999 45188 10
1.9999 50064 13 1.9999 50080 11 1.9999 50063 12 1.9997 7968 9 0 0 1 1.9999 42111 11
1.9999 50064 13 1.9999 50064 11 1.9999 50063 12 1.9998 17510 11 0 0 1 1.9999 32553 11
1.9999 50064 13 1.9999 50067 10 1.9999 50063 12 1.9996 5674 10 0 0 1 1.9999 44392 9
1.9999 50064 13 1.9999 50067 11 1.9999 50063 12 1.9999 39151 11 0 0 1 1.9998 10915 11
1.9999 50064 13 1.9999 50067 10 1.9999 50063 12 1.9998 16361 9 0 0 1 1.9999 33705 10
1.9999 50067 11 1.9999 50069 10 1.9999 50066 10 1.9999 31589 10 0 0 1 1.9998 18479 8
1.9999 50067 11 1.9999 50067 10 1.9999 50066 10 1.9999 24153 10 0 0 1 1.9999 25913 8
1.9999 50067 11 1.9999 50067 10 1.9999 50066 10 1.9999 23780 10 0 0 1 1.9999 26286 7
1.9999 50067 11 1.9999 50067 10 1.9999 50066 10 1.9999 33705 10 0 0 1 1.9998 16361 9
1.9999 50067 11 1.9999 50071 10 1.9999 50066 10 1.9998 13708 10 0 0 1 1.9999 36362 10
1.9999 50068 12 1.9999 50081 11 1.9999 50067 11 1.9998 16670 11 0 0 1 1.9999 33410 10
1.9999 50068 12 1.9999 50068 11 1.9999 50067 11 1.9999 26699 10 0 0 1 1.9999 23368 11
1.9999 50068 12 1.9999 50069 10 1.9999 50067 11 1.9998 12083 10 0 0 1 1.9999 37985 9
1.9999 50068 12 1.9999 50069 10 1.9999 50067 11 1.9999 45188 10 0 0 1 1.9995 4880 10
1.9999 50068 12 1.9999 50071 10 1.9999 50067 11 1.9999 36362 10 0 0 1 1.9998 13708 10
